%%%%%%%%%%%%%%%%%%%%%%%%%%%%%%%%%
%                               %
%          Kuka DH Table        %
%                               %
% %%%%%%%%%%%%%%%%%%%%%%%%%%%%%%%

DH_a     = [0 0 0 0 0 0 0]';

DH_alpha = [90 -90 90 -90 90 -90 0]'/180*pi;

DH_d     = [0.3105 0 0.4 0 0.39 0 0.078]';

DH_theta = [0.0328 1.3224 0.9545 1.2480 2.0499 2.0414 2.057]';

%DH_theta = [0 -45  0 -90 0 45 0]'/180*pi;

DH = [DH_a DH_alpha DH_d DH_theta];