%%%%%%%%%%%%%%%%%%%%%%%%%%%%%%%%%
%                               %
%          Kuka DH Table        %
%                               %
% %%%%%%%%%%%%%%%%%%%%%%%%%%%%%%%

DH_a     = [0 0 0 0 0 0 0]';

DH_alpha = [90 -90 90 -90 90 -90 0]'/180*pi;

DH_d     = [0.3105 0 0.4 0 0.4 0 0.078]';

DH_theta = [-0.5843   -1.0435    0.0874   -1.3055   -0.1537    2.2719    0.4341]';

%DH_theta = [0 -45  0 -90 0 45 0]'/180*pi;

DH = [DH_a DH_alpha DH_d DH_theta];